-8.020 0.0000E+00
-8.010 0.8642E-03
-8.000 0.3457E-02
-7.990 0.7777E-02
-7.980 0.1383E-01
-7.970 0.4549E-01
-7.960 0.3189E-01
-7.950 0.2761E-01
-7.940 0.2958E-01
-7.930 0.3160E-01
-7.920 0.3369E-01
-7.910 0.3583E-01
-7.900 0.3803E-01
-7.890 0.4028E-01
-7.880 0.4259E-01
-7.870 0.4496E-01
-7.860 0.4866E-01
-7.850 0.5192E-01
-7.840 0.5438E-01
-7.830 0.5604E-01
-7.820 0.5688E-01
-7.810 0.5693E-01
-7.800 0.5469E-01
-7.790 0.5323E-01
-7.780 0.5352E-01
-7.770 0.5462E-01
-7.760 0.5575E-01
-7.750 0.5692E-01
-7.740 0.5814E-01
-7.730 0.5939E-01
-7.720 0.6068E-01
-7.710 0.6201E-01
-7.700 0.6339E-01
-7.690 0.6480E-01
-7.680 0.6624E-01
-7.670 0.6770E-01
-7.660 0.6917E-01
-7.650 0.7065E-01
-7.640 0.7213E-01
-7.630 0.7362E-01
-7.620 0.7482E-01
-7.610 0.7514E-01
-7.600 0.7506E-01
-7.590 0.7578E-01
-7.580 0.7647E-01
-7.570 0.7713E-01
-7.560 0.7777E-01
-7.550 0.7839E-01
-7.540 0.7897E-01
-7.530 0.7953E-01
-7.520 0.8007E-01
-7.510 0.8058E-01
-7.500 0.8090E-01
-7.490 0.8118E-01
-7.480 0.8156E-01
-7.470 0.8207E-01
-7.460 0.8269E-01
-7.450 0.8342E-01
-7.440 0.8428E-01
-7.430 0.8532E-01
-7.420 0.8637E-01
-7.410 0.8743E-01
-7.400 0.8849E-01
-7.390 0.8957E-01
-7.380 0.9065E-01
-7.370 0.9174E-01
-7.360 0.9284E-01
-7.350 0.9394E-01
-7.340 0.9506E-01
-7.330 0.9618E-01
-7.320 0.9718E-01
-7.310 0.9802E-01
-7.300 0.9869E-01
-7.290 0.9918E-01
-7.280 0.9950E-01
-7.270 0.9965E-01
-7.260 0.9963E-01
-7.250 0.9934E-01
-7.240 0.9957E-01
-7.230 0.1001E+00
-7.220 0.1006E+00
-7.210 0.1011E+00
-7.200 0.1016E+00
-7.190 0.1021E+00
-7.180 0.1026E+00
-7.170 0.1031E+00
-7.160 0.1036E+00
-7.150 0.1042E+00
-7.140 0.1047E+00
-7.130 0.1052E+00
-7.120 0.1057E+00
-7.110 0.1062E+00
-7.100 0.1067E+00
-7.090 0.1071E+00
-7.080 0.1076E+00
-7.070 0.1081E+00
-7.060 0.1085E+00
-7.050 0.1091E+00
-7.040 0.1098E+00
-7.030 0.1105E+00
-7.020 0.1112E+00
-7.010 0.1120E+00
-7.000 0.1127E+00
-6.990 0.1135E+00
-6.980 0.1143E+00
-6.970 0.1151E+00
-6.960 0.1160E+00
-6.950 0.1168E+00
-6.940 0.1177E+00
-6.930 0.1186E+00
-6.920 0.1195E+00
-6.910 0.1204E+00
-6.900 0.1213E+00
-6.890 0.1222E+00
-6.880 0.1226E+00
-6.870 0.1228E+00
-6.860 0.1230E+00
-6.850 0.1234E+00
-6.840 0.1238E+00
-6.830 0.1242E+00
-6.820 0.1245E+00
-6.810 0.1248E+00
-6.800 0.1251E+00
-6.790 0.1254E+00
-6.780 0.1256E+00
-6.770 0.1258E+00
-6.760 0.1261E+00
-6.750 0.1265E+00
-6.740 0.1269E+00
-6.730 0.1273E+00
-6.720 0.1279E+00
-6.710 0.1284E+00
-6.700 0.1290E+00
-6.690 0.1296E+00
-6.680 0.1301E+00
-6.670 0.1306E+00
-6.660 0.1312E+00
-6.650 0.1317E+00
-6.640 0.1322E+00
-6.630 0.1328E+00
-6.620 0.1333E+00
-6.610 0.1338E+00
-6.600 0.1344E+00
-6.590 0.1349E+00
-6.580 0.1354E+00
-6.570 0.1360E+00
-6.560 0.1365E+00
-6.550 0.1370E+00
-6.540 0.1375E+00
-6.530 0.1381E+00
-6.520 0.1386E+00
-6.510 0.1392E+00
-6.500 0.1398E+00
-6.490 0.1404E+00
-6.480 0.1411E+00
-6.470 0.1417E+00
-6.460 0.1424E+00
-6.450 0.1431E+00
-6.440 0.1438E+00
-6.430 0.1445E+00
-6.420 0.1453E+00
-6.410 0.1460E+00
-6.400 0.1468E+00
-6.390 0.1475E+00
-6.380 0.1481E+00
-6.370 0.1486E+00
-6.360 0.1491E+00
-6.350 0.1495E+00
-6.340 0.1499E+00
-6.330 0.1500E+00
-6.320 0.1502E+00
-6.310 0.1507E+00
-6.300 0.1511E+00
-6.290 0.1515E+00
-6.280 0.1520E+00
-6.270 0.1524E+00
-6.260 0.1528E+00
-6.250 0.1532E+00
-6.240 0.1536E+00
-6.230 0.1539E+00
-6.220 0.1543E+00
-6.210 0.1547E+00
-6.200 0.1550E+00
-6.190 0.1554E+00
-6.180 0.1557E+00
-6.170 0.1561E+00
-6.160 0.1564E+00
-6.150 0.1568E+00
-6.140 0.1574E+00
-6.130 0.1580E+00
-6.120 0.1584E+00
-6.110 0.1589E+00
-6.100 0.1594E+00
-6.090 0.1599E+00
-6.080 0.1605E+00
-6.070 0.1610E+00
-6.060 0.1615E+00
-6.050 0.1621E+00
-6.040 0.1626E+00
-6.030 0.1631E+00
-6.020 0.1637E+00
-6.010 0.1642E+00
-6.000 0.1647E+00
-5.990 0.1653E+00
-5.980 0.1658E+00
-5.970 0.1663E+00
-5.960 0.1669E+00
-5.950 0.1674E+00
-5.940 0.1679E+00
-5.930 0.1684E+00
-5.920 0.1690E+00
-5.910 0.1695E+00
-5.900 0.1700E+00
-5.890 0.1705E+00
-5.880 0.1710E+00
-5.870 0.1715E+00
-5.860 0.1721E+00
-5.850 0.1726E+00
-5.840 0.1731E+00
-5.830 0.1737E+00
-5.820 0.1743E+00
-5.810 0.1749E+00
-5.800 0.1756E+00
-5.790 0.1760E+00
-5.780 0.1762E+00
-5.770 0.1766E+00
-5.760 0.1770E+00
-5.750 0.1774E+00
-5.740 0.1778E+00
-5.730 0.1782E+00
-5.720 0.1785E+00
-5.710 0.1789E+00
-5.700 0.1793E+00
-5.690 0.1796E+00
-5.680 0.1799E+00
-5.670 0.1802E+00
-5.660 0.1805E+00
-5.650 0.1809E+00
-5.640 0.1812E+00
-5.630 0.1816E+00
-5.620 0.1819E+00
-5.610 0.1823E+00
-5.600 0.1827E+00
-5.590 0.1830E+00
-5.580 0.1834E+00
-5.570 0.1838E+00
-5.560 0.1841E+00
-5.550 0.1845E+00
-5.540 0.1848E+00
-5.530 0.1852E+00
-5.520 0.1855E+00
-5.510 0.1859E+00
-5.500 0.1862E+00
-5.490 0.1865E+00
-5.480 0.1869E+00
-5.470 0.1872E+00
-5.460 0.1875E+00
-5.450 0.1878E+00
-5.440 0.1882E+00
-5.430 0.1886E+00
-5.420 0.1891E+00
-5.410 0.1895E+00
-5.400 0.1900E+00
-5.390 0.1904E+00
-5.380 0.1909E+00
-5.370 0.1913E+00
-5.360 0.1918E+00
-5.350 0.1923E+00
-5.340 0.1927E+00
-5.330 0.1932E+00
-5.320 0.1937E+00
-5.310 0.1942E+00
-5.300 0.1947E+00
-5.290 0.1951E+00
-5.280 0.1956E+00
-5.270 0.1961E+00
-5.260 0.1966E+00
-5.250 0.1971E+00
-5.240 0.1976E+00
-5.230 0.1981E+00
-5.220 0.1986E+00
-5.210 0.1991E+00
-5.200 0.1996E+00
-5.190 0.2001E+00
-5.180 0.2005E+00
-5.170 0.2010E+00
-5.160 0.2015E+00
-5.150 0.2020E+00
-5.140 0.2024E+00
-5.130 0.2028E+00
-5.120 0.2031E+00
-5.110 0.2034E+00
-5.100 0.2036E+00
-5.090 0.2038E+00
-5.080 0.2039E+00
-5.070 0.2041E+00
-5.060 0.2044E+00
-5.050 0.2047E+00
-5.040 0.2051E+00
-5.030 0.2054E+00
-5.020 0.2057E+00
-5.010 0.2060E+00
-5.000 0.2063E+00
-4.990 0.2067E+00
-4.980 0.2070E+00
-4.970 0.2074E+00
-4.960 0.2077E+00
-4.950 0.2080E+00
-4.940 0.2084E+00
-4.930 0.2087E+00
-4.920 0.2090E+00
-4.910 0.2094E+00
-4.900 0.2097E+00
-4.890 0.2100E+00
-4.880 0.2104E+00
-4.870 0.2108E+00
-4.860 0.2111E+00
-4.850 0.2115E+00
-4.840 0.2119E+00
-4.830 0.2122E+00
-4.820 0.2126E+00
-4.810 0.2130E+00
-4.800 0.2134E+00
-4.790 0.2137E+00
-4.780 0.2141E+00
-4.770 0.2145E+00
-4.760 0.2149E+00
-4.750 0.2153E+00
-4.740 0.2157E+00
-4.730 0.2161E+00
-4.720 0.2164E+00
-4.710 0.2168E+00
-4.700 0.2172E+00
-4.690 0.2176E+00
-4.680 0.2180E+00
-4.670 0.2184E+00
-4.660 0.2187E+00
-4.650 0.2191E+00
-4.640 0.2195E+00
-4.630 0.2199E+00
-4.620 0.2202E+00
-4.610 0.2207E+00
-4.600 0.2212E+00
-4.590 0.2217E+00
-4.580 0.2222E+00
-4.570 0.2227E+00
-4.560 0.2231E+00
-4.550 0.2236E+00
-4.540 0.2241E+00
-4.530 0.2245E+00
-4.520 0.2250E+00
-4.510 0.2255E+00
-4.500 0.2259E+00
-4.490 0.2264E+00
-4.480 0.2269E+00
-4.470 0.2274E+00
-4.460 0.2279E+00
-4.450 0.2283E+00
-4.440 0.2288E+00
-4.430 0.2293E+00
-4.420 0.2298E+00
-4.410 0.2303E+00
-4.400 0.2308E+00
-4.390 0.2313E+00
-4.380 0.2315E+00
-4.370 0.2318E+00
-4.360 0.2321E+00
-4.350 0.2325E+00
-4.340 0.2328E+00
-4.330 0.2332E+00
-4.320 0.2335E+00
-4.310 0.2338E+00
-4.300 0.2341E+00
-4.290 0.2344E+00
-4.280 0.2347E+00
-4.270 0.2349E+00
-4.260 0.2352E+00
-4.250 0.2355E+00
-4.240 0.2357E+00
-4.230 0.2360E+00
-4.220 0.2363E+00
-4.210 0.2366E+00
-4.200 0.2369E+00
-4.190 0.2373E+00
-4.180 0.2376E+00
-4.170 0.2380E+00
-4.160 0.2383E+00
-4.150 0.2387E+00
-4.140 0.2391E+00
-4.130 0.2395E+00
-4.120 0.2398E+00
-4.110 0.2402E+00
-4.100 0.2406E+00
-4.090 0.2410E+00
-4.080 0.2414E+00
-4.070 0.2418E+00
-4.060 0.2422E+00
-4.050 0.2426E+00
-4.040 0.2430E+00
-4.030 0.2434E+00
-4.020 0.2438E+00
-4.010 0.2442E+00
-4.000 0.2446E+00
-3.990 0.2450E+00
-3.980 0.2454E+00
-3.970 0.2458E+00
-3.960 0.2463E+00
-3.950 0.2467E+00
-3.940 0.2471E+00
-3.930 0.2475E+00
-3.920 0.2479E+00
-3.910 0.2483E+00
-3.900 0.2487E+00
-3.890 0.2491E+00
-3.880 0.2496E+00
-3.870 0.2500E+00
-3.860 0.2504E+00
-3.850 0.2508E+00
-3.840 0.2512E+00
-3.830 0.2516E+00
-3.820 0.2521E+00
-3.810 0.2525E+00
-3.800 0.2529E+00
-3.790 0.2533E+00
-3.780 0.2538E+00
-3.770 0.2542E+00
-3.760 0.2546E+00
-3.750 0.2550E+00
-3.740 0.2554E+00
-3.730 0.2558E+00
-3.720 0.2563E+00
-3.710 0.2567E+00
-3.700 0.2571E+00
-3.690 0.2576E+00
-3.680 0.2581E+00
-3.670 0.2586E+00
-3.660 0.2591E+00
-3.650 0.2596E+00
-3.640 0.2601E+00
-3.630 0.2606E+00
-3.620 0.2612E+00
-3.610 0.2617E+00
-3.600 0.2622E+00
-3.590 0.2627E+00
-3.580 0.2632E+00
-3.570 0.2636E+00
-3.560 0.2641E+00
-3.550 0.2645E+00
-3.540 0.2649E+00
-3.530 0.2653E+00
-3.520 0.2656E+00
-3.510 0.2660E+00
-3.500 0.2664E+00
-3.490 0.2669E+00
-3.480 0.2673E+00
-3.470 0.2677E+00
-3.460 0.2681E+00
-3.450 0.2686E+00
-3.440 0.2690E+00
-3.430 0.2694E+00
-3.420 0.2698E+00
-3.410 0.2703E+00
-3.400 0.2707E+00
-3.390 0.2711E+00
-3.380 0.2715E+00
-3.370 0.2719E+00
-3.360 0.2723E+00
-3.350 0.2727E+00
-3.340 0.2732E+00
-3.330 0.2736E+00
-3.320 0.2740E+00
-3.310 0.2745E+00
-3.300 0.2749E+00
-3.290 0.2753E+00
-3.280 0.2758E+00
-3.270 0.2762E+00
-3.260 0.2767E+00
-3.250 0.2771E+00
-3.240 0.2776E+00
-3.230 0.2780E+00
-3.220 0.2785E+00
-3.210 0.2791E+00
-3.200 0.2796E+00
-3.190 0.2801E+00
-3.180 0.2807E+00
-3.170 0.2812E+00
-3.160 0.2818E+00
-3.150 0.2823E+00
-3.140 0.2829E+00
-3.130 0.2835E+00
-3.120 0.2840E+00
-3.110 0.2846E+00
-3.100 0.2852E+00
-3.090 0.2858E+00
-3.080 0.2864E+00
-3.070 0.2870E+00
-3.060 0.2876E+00
-3.050 0.2883E+00
-3.040 0.2889E+00
-3.030 0.2895E+00
-3.020 0.2902E+00
-3.010 0.2908E+00
-3.000 0.2915E+00
-2.990 0.2921E+00
-2.980 0.2928E+00
-2.970 0.2935E+00
-2.960 0.2941E+00
-2.950 0.2948E+00
-2.940 0.2955E+00
-2.930 0.2962E+00
-2.920 0.2969E+00
-2.910 0.2976E+00
-2.900 0.2983E+00
-2.890 0.2990E+00
-2.880 0.2997E+00
-2.870 0.3005E+00
-2.860 0.3012E+00
-2.850 0.3019E+00
-2.840 0.3027E+00
-2.830 0.3035E+00
-2.820 0.3042E+00
-2.810 0.3050E+00
-2.800 0.3058E+00
-2.790 0.3066E+00
-2.780 0.3074E+00
-2.770 0.3082E+00
-2.760 0.3091E+00
-2.750 0.3099E+00
-2.740 0.3107E+00
-2.730 0.3116E+00
-2.720 0.3124E+00
-2.710 0.3137E+00
-2.700 0.3146E+00
-2.690 0.3157E+00
-2.680 0.3167E+00
-2.670 0.3177E+00
-2.660 0.3188E+00
-2.650 0.3199E+00
-2.640 0.3211E+00
-2.630 0.3222E+00
-2.620 0.3234E+00
-2.610 0.3247E+00
-2.600 0.3260E+00
-2.590 0.3274E+00
-2.580 0.3288E+00
-2.570 0.3304E+00
-2.560 0.3319E+00
-2.550 0.3336E+00
-2.540 0.3353E+00
-2.530 0.3370E+00
-2.520 0.3389E+00
-2.510 0.3407E+00
-2.500 0.3427E+00
-2.490 0.3447E+00
-2.480 0.3468E+00
-2.470 0.3488E+00
-2.460 0.3507E+00
-2.450 0.3526E+00
-2.440 0.3544E+00
-2.430 0.3562E+00
-2.420 0.3579E+00
-2.410 0.3595E+00
-2.400 0.3611E+00
-2.390 0.3627E+00
-2.380 0.3642E+00
-2.370 0.3656E+00
-2.360 0.3671E+00
-2.350 0.3684E+00
-2.340 0.3698E+00
-2.330 0.3710E+00
-2.320 0.3723E+00
-2.310 0.3735E+00
-2.300 0.3750E+00
-2.290 0.3767E+00
-2.280 0.3779E+00
-2.270 0.3784E+00
-2.260 0.3784E+00
-2.250 0.3800E+00
-2.240 0.3818E+00
-2.230 0.3833E+00
-2.220 0.3846E+00
-2.210 0.3857E+00
-2.200 0.3866E+00
-2.190 0.3873E+00
-2.180 0.3877E+00
-2.170 0.3880E+00
-2.160 0.3880E+00
-2.150 0.3879E+00
-2.140 0.3875E+00
-2.130 0.3934E+00
-2.120 0.3950E+00
-2.110 0.3952E+00
-2.100 0.3940E+00
-2.090 0.3915E+00
-2.080 0.3887E+00
-2.070 0.3858E+00
-2.060 0.3831E+00
-2.050 0.3807E+00
-2.040 0.3785E+00
-2.030 0.3765E+00
-2.020 0.3746E+00
-2.010 0.3729E+00
-2.000 0.3714E+00
-1.990 0.3700E+00
-1.980 0.3687E+00
-1.970 0.3677E+00
-1.960 0.3668E+00
-1.950 0.3660E+00
-1.940 0.3654E+00
-1.930 0.3649E+00
-1.920 0.3637E+00
-1.910 0.3625E+00
-1.900 0.3615E+00
-1.890 0.3604E+00
-1.880 0.3595E+00
-1.870 0.3586E+00
-1.860 0.3577E+00
-1.850 0.3569E+00
-1.840 0.3562E+00
-1.830 0.3555E+00
-1.820 0.3549E+00
-1.810 0.3543E+00
-1.800 0.3538E+00
-1.790 0.3535E+00
-1.780 0.3533E+00
-1.770 0.3533E+00
-1.760 0.3534E+00
-1.750 0.3538E+00
-1.740 0.3543E+00
-1.730 0.3549E+00
-1.720 0.3556E+00
-1.710 0.3562E+00
-1.700 0.3569E+00
-1.690 0.3576E+00
-1.680 0.3583E+00
-1.670 0.3590E+00
-1.660 0.3597E+00
-1.650 0.3584E+00
-1.640 0.3561E+00
-1.630 0.3534E+00
-1.620 0.3505E+00
-1.610 0.3475E+00
-1.600 0.3459E+00
-1.590 0.3452E+00
-1.580 0.3445E+00
-1.570 0.3437E+00
-1.560 0.3430E+00
-1.550 0.3422E+00
-1.540 0.3413E+00
-1.530 0.3404E+00
-1.520 0.3395E+00
-1.510 0.3386E+00
-1.500 0.3376E+00
-1.490 0.3365E+00
-1.480 0.3353E+00
-1.470 0.3343E+00
-1.460 0.3333E+00
-1.450 0.3325E+00
-1.440 0.3318E+00
-1.430 0.3311E+00
-1.420 0.3303E+00
-1.410 0.3296E+00
-1.400 0.3288E+00
-1.390 0.3279E+00
-1.380 0.3271E+00
-1.370 0.3261E+00
-1.360 0.3252E+00
-1.350 0.3242E+00
-1.340 0.3232E+00
-1.330 0.3222E+00
-1.320 0.3211E+00
-1.310 0.3201E+00
-1.300 0.3192E+00
-1.290 0.3183E+00
-1.280 0.3174E+00
-1.270 0.3164E+00
-1.260 0.3154E+00
-1.250 0.3145E+00
-1.240 0.3135E+00
-1.230 0.3126E+00
-1.220 0.3118E+00
-1.210 0.3109E+00
-1.200 0.3101E+00
-1.190 0.3093E+00
-1.180 0.3085E+00
-1.170 0.3077E+00
-1.160 0.3070E+00
-1.150 0.3062E+00
-1.140 0.3056E+00
-1.130 0.3050E+00
-1.120 0.3045E+00
-1.110 0.3041E+00
-1.100 0.3036E+00
-1.090 0.3031E+00
-1.080 0.3026E+00
-1.070 0.3021E+00
-1.060 0.3016E+00
-1.050 0.3012E+00
-1.040 0.3008E+00
-1.030 0.3003E+00
-1.020 0.2999E+00
-1.010 0.2996E+00
-1.000 0.2992E+00
-0.990 0.2989E+00
-0.980 0.2988E+00
-0.970 0.2987E+00
-0.960 0.2984E+00
-0.950 0.2979E+00
-0.940 0.2973E+00
-0.930 0.2966E+00
-0.920 0.2957E+00
-0.910 0.2947E+00
-0.900 0.2938E+00
-0.890 0.2937E+00
-0.880 0.2941E+00
-0.870 0.2935E+00
-0.860 0.2926E+00
-0.850 0.2915E+00
-0.840 0.2905E+00
-0.830 0.2895E+00
-0.820 0.2885E+00
-0.810 0.2875E+00
-0.800 0.2865E+00
-0.790 0.2854E+00
-0.780 0.2844E+00
-0.770 0.2834E+00
-0.760 0.2824E+00
-0.750 0.2814E+00
-0.740 0.2804E+00
-0.730 0.2794E+00
-0.720 0.2784E+00
-0.710 0.2774E+00
-0.700 0.2764E+00
-0.690 0.2755E+00
-0.680 0.2746E+00
-0.670 0.2737E+00
-0.660 0.2728E+00
-0.650 0.2720E+00
-0.640 0.2712E+00
-0.630 0.2703E+00
-0.620 0.2695E+00
-0.610 0.2687E+00
-0.600 0.2680E+00
-0.590 0.2673E+00
-0.580 0.2666E+00
-0.570 0.2659E+00
-0.560 0.2653E+00
-0.550 0.2647E+00
-0.540 0.2641E+00
-0.530 0.2635E+00
-0.520 0.2628E+00
-0.510 0.2622E+00
-0.500 0.2615E+00
-0.490 0.2609E+00
-0.480 0.2603E+00
-0.470 0.2597E+00
-0.460 0.2590E+00
-0.450 0.2584E+00
-0.440 0.2578E+00
-0.430 0.2572E+00
-0.420 0.2566E+00
-0.410 0.2560E+00
-0.400 0.2555E+00
-0.390 0.2549E+00
-0.380 0.2543E+00
-0.370 0.2538E+00
-0.360 0.2532E+00
-0.350 0.2526E+00
-0.340 0.2521E+00
-0.330 0.2515E+00
-0.320 0.2509E+00
-0.310 0.2502E+00
-0.300 0.2496E+00
-0.290 0.2490E+00
-0.280 0.2483E+00
-0.270 0.2477E+00
-0.260 0.2470E+00
-0.250 0.2464E+00
-0.240 0.2457E+00
-0.230 0.2451E+00
-0.220 0.2444E+00
-0.210 0.2438E+00
-0.200 0.2432E+00
-0.190 0.2427E+00
-0.180 0.2422E+00
-0.170 0.2422E+00
-0.160 0.2427E+00
-0.150 0.2435E+00
-0.140 0.2446E+00
-0.130 0.2462E+00
-0.120 0.2481E+00
-0.110 0.2504E+00
-0.100 0.2530E+00
-0.090 0.2446E+00
-0.080 0.2424E+00
-0.070 0.2424E+00
-0.060 0.2426E+00
-0.050 0.2429E+00
-0.040 0.2433E+00
-0.030 0.2439E+00
-0.020 0.2445E+00
-0.010 0.2453E+00
-0.000 0.2463E+00
0.010 0.2473E+00
0.020 0.2485E+00
0.030 0.2498E+00
0.040 0.2513E+00
0.050 0.2527E+00
0.060 0.2613E+00
0.070 0.2653E+00
0.080 0.2592E+00
0.090 0.2609E+00
0.100 0.2626E+00
0.110 0.2645E+00
0.120 0.2664E+00
0.130 0.2683E+00
0.140 0.2701E+00
0.150 0.2718E+00
0.160 0.2734E+00
0.170 0.2749E+00
0.180 0.2763E+00
0.190 0.2777E+00
0.200 0.2790E+00
0.210 0.2802E+00
0.220 0.2813E+00
0.230 0.2825E+00
0.240 0.2839E+00
0.250 0.2851E+00
0.260 0.2862E+00
0.270 0.2872E+00
0.280 0.2880E+00
0.290 0.2885E+00
0.300 0.2887E+00
0.310 0.2887E+00
0.320 0.2892E+00
0.330 0.2897E+00
0.340 0.2899E+00
0.350 0.2899E+00
0.360 0.2897E+00
0.370 0.2893E+00
0.380 0.2887E+00
0.390 0.2880E+00
0.400 0.2872E+00
0.410 0.2895E+00
0.420 0.2908E+00
0.430 0.2911E+00
0.440 0.2907E+00
0.450 0.2900E+00
0.460 0.2889E+00
0.470 0.2875E+00
0.480 0.2859E+00
0.490 0.2840E+00
0.500 0.2822E+00
0.510 0.2803E+00
0.520 0.2784E+00
0.530 0.2765E+00
0.540 0.2748E+00
0.550 0.2732E+00
0.560 0.2715E+00
0.570 0.2698E+00
0.580 0.2680E+00
0.590 0.2662E+00
0.600 0.2644E+00
0.610 0.2622E+00
0.620 0.2599E+00
0.630 0.2576E+00
0.640 0.2551E+00
0.650 0.2524E+00
0.660 0.2484E+00
0.670 0.2445E+00
0.680 0.2408E+00
0.690 0.2373E+00
0.700 0.2339E+00
0.710 0.2306E+00
0.720 0.2276E+00
0.730 0.2246E+00
0.740 0.2220E+00
0.750 0.2198E+00
0.760 0.2179E+00
0.770 0.2161E+00
0.780 0.2144E+00
0.790 0.2130E+00
0.800 0.2116E+00
0.810 0.2103E+00
0.820 0.2091E+00
0.830 0.2080E+00
0.840 0.2071E+00
0.850 0.2063E+00
0.860 0.2056E+00
0.870 0.2033E+00
0.880 0.2021E+00
0.890 0.2014E+00
0.900 0.2010E+00
0.910 0.2010E+00
0.920 0.2016E+00
0.930 0.2024E+00
0.940 0.2033E+00
0.950 0.2044E+00
0.960 0.2055E+00
0.970 0.2069E+00
0.980 0.2083E+00
0.990 0.2099E+00
1.000 0.2116E+00
1.010 0.2133E+00
1.020 0.2151E+00
1.030 0.2169E+00
1.040 0.2187E+00
1.050 0.2205E+00
1.060 0.2224E+00
1.070 0.2238E+00
1.080 0.2244E+00
1.090 0.2248E+00
1.100 0.2253E+00
1.110 0.2257E+00
1.120 0.2263E+00
1.130 0.2271E+00
1.140 0.2282E+00
1.150 0.2295E+00
1.160 0.2311E+00
1.170 0.2330E+00
1.180 0.2350E+00
1.190 0.2370E+00
1.200 0.2391E+00
1.210 0.2412E+00
1.220 0.2433E+00
1.230 0.2456E+00
1.240 0.2478E+00
1.250 0.2501E+00
1.260 0.2525E+00
1.270 0.2549E+00
1.280 0.2572E+00
1.290 0.2589E+00
1.300 0.2599E+00
1.310 0.2610E+00
1.320 0.2634E+00
1.330 0.2659E+00
1.340 0.2684E+00
1.350 0.2711E+00
1.360 0.2739E+00
1.370 0.2769E+00
1.380 0.2800E+00
1.390 0.2833E+00
1.400 0.2867E+00
1.410 0.2907E+00
1.420 0.2947E+00
1.430 0.2988E+00
1.440 0.3030E+00
1.450 0.3073E+00
1.460 0.3116E+00
1.470 0.3161E+00
1.480 0.3206E+00
1.490 0.3253E+00
1.500 0.3300E+00
1.510 0.3348E+00
1.520 0.3397E+00
1.530 0.3447E+00
1.540 0.3504E+00
1.550 0.3569E+00
1.560 0.3634E+00
1.570 0.3699E+00
1.580 0.3763E+00
1.590 0.3826E+00
1.600 0.3883E+00
1.610 0.3942E+00
1.620 0.4002E+00
1.630 0.4064E+00
1.640 0.4127E+00
1.650 0.4193E+00
1.660 0.4260E+00
1.670 0.4329E+00
1.680 0.4401E+00
1.690 0.4474E+00
1.700 0.4548E+00
1.710 0.4620E+00
1.720 0.4689E+00
1.730 0.4794E+00
1.740 0.4965E+00
1.750 0.5114E+00
1.760 0.5243E+00
1.770 0.5351E+00
1.780 0.5440E+00
1.790 0.5512E+00
1.800 0.5580E+00
1.810 0.5650E+00
1.820 0.5731E+00
1.830 0.5838E+00
1.840 0.5968E+00
1.850 0.6103E+00
1.860 0.6213E+00
1.870 0.6290E+00
1.880 0.6343E+00
1.890 0.6377E+00
1.900 0.6407E+00
1.910 0.6460E+00
1.920 0.6515E+00
1.930 0.6568E+00
1.940 0.6616E+00
1.950 0.6660E+00
1.960 0.6702E+00
1.970 0.6740E+00
1.980 0.6774E+00
1.990 0.6802E+00
2.000 0.6830E+00
2.010 0.6855E+00
2.020 0.6928E+00
2.030 0.6928E+00
2.040 0.6901E+00
2.050 0.6874E+00
2.060 0.6845E+00
2.070 0.6816E+00
2.080 0.6785E+00
2.090 0.6748E+00
2.100 0.6705E+00
2.110 0.6653E+00
2.120 0.6593E+00
2.130 0.6539E+00
2.140 0.6491E+00
2.150 0.6447E+00
2.160 0.6373E+00
2.170 0.6278E+00
2.180 0.6162E+00
2.190 0.6025E+00
2.200 0.5867E+00
2.210 0.5686E+00
2.220 0.5564E+00
2.230 0.5475E+00
2.240 0.5395E+00
2.250 0.5319E+00
2.260 0.5246E+00
2.270 0.5177E+00
2.280 0.5112E+00
2.290 0.5050E+00
2.300 0.4992E+00
2.310 0.4937E+00
2.320 0.4886E+00
2.330 0.4836E+00
2.340 0.4787E+00
2.350 0.4740E+00
2.360 0.4695E+00
2.370 0.4653E+00
2.380 0.4614E+00
2.390 0.4577E+00
2.400 0.4544E+00
2.410 0.4509E+00
2.420 0.4474E+00
2.430 0.4441E+00
2.440 0.4410E+00
2.450 0.4379E+00
2.460 0.4354E+00
2.470 0.4335E+00
2.480 0.4321E+00
2.490 0.4296E+00
2.500 0.4267E+00
2.510 0.4239E+00
2.520 0.4213E+00
2.530 0.4187E+00
2.540 0.4163E+00
2.550 0.4139E+00
2.560 0.4117E+00
2.570 0.4095E+00
2.580 0.4071E+00
2.590 0.4047E+00
2.600 0.4024E+00
2.610 0.4001E+00
2.620 0.3979E+00
2.630 0.3957E+00
2.640 0.3935E+00
2.650 0.3914E+00
2.660 0.3893E+00
2.670 0.3872E+00
2.680 0.3852E+00
2.690 0.3832E+00
2.700 0.3813E+00
2.710 0.3794E+00
2.720 0.3776E+00
2.730 0.3756E+00
2.740 0.3736E+00
2.750 0.3717E+00
2.760 0.3697E+00
2.770 0.3678E+00
2.780 0.3658E+00
2.790 0.3639E+00
2.800 0.3620E+00
2.810 0.3601E+00
2.820 0.3583E+00
2.830 0.3565E+00
2.840 0.3548E+00
2.850 0.3530E+00
2.860 0.3513E+00
2.870 0.3497E+00
2.880 0.3480E+00
2.890 0.3464E+00
2.900 0.3449E+00
2.910 0.3434E+00
2.920 0.3419E+00
2.930 0.3404E+00
2.940 0.3390E+00
2.950 0.3376E+00
2.960 0.3363E+00
2.970 0.3349E+00
2.980 0.3343E+00
2.990 0.3348E+00
3.000 0.3345E+00
3.010 0.3336E+00
3.020 0.3324E+00
3.030 0.3313E+00
3.040 0.3301E+00
3.050 0.3290E+00
3.060 0.3278E+00
3.070 0.3267E+00
3.080 0.3255E+00
3.090 0.3244E+00
3.100 0.3232E+00
3.110 0.3225E+00
3.120 0.3220E+00
3.130 0.3215E+00
3.140 0.3208E+00
3.150 0.3201E+00
3.160 0.3193E+00
3.170 0.3183E+00
3.180 0.3174E+00
3.190 0.3163E+00
3.200 0.3151E+00
3.210 0.3139E+00
3.220 0.3126E+00
3.230 0.3114E+00
3.240 0.3102E+00
3.250 0.3090E+00
3.260 0.3079E+00
3.270 0.3068E+00
3.280 0.3057E+00
3.290 0.3046E+00
3.300 0.3036E+00
3.310 0.3026E+00
3.320 0.3016E+00
3.330 0.3006E+00
3.340 0.2996E+00
3.350 0.2985E+00
3.360 0.2973E+00
3.370 0.2960E+00
3.380 0.2948E+00
3.390 0.2935E+00
3.400 0.2923E+00
3.410 0.2911E+00
3.420 0.2899E+00
3.430 0.2887E+00
3.440 0.2875E+00
3.450 0.2864E+00
3.460 0.2852E+00
3.470 0.2841E+00
3.480 0.2830E+00
3.490 0.2819E+00
3.500 0.2808E+00
3.510 0.2797E+00
3.520 0.2787E+00
3.530 0.2776E+00
3.540 0.2766E+00
3.550 0.2756E+00
3.560 0.2746E+00
3.570 0.2736E+00
3.580 0.2726E+00
3.590 0.2717E+00
3.600 0.2707E+00
3.610 0.2700E+00
3.620 0.2693E+00
3.630 0.2686E+00
3.640 0.2679E+00
3.650 0.2672E+00
3.660 0.2665E+00
3.670 0.2659E+00
3.680 0.2652E+00
3.690 0.2645E+00
3.700 0.2643E+00
3.710 0.2639E+00
3.720 0.2635E+00
3.730 0.2631E+00
3.740 0.2626E+00
3.750 0.2621E+00
3.760 0.2617E+00
3.770 0.2614E+00
3.780 0.2611E+00
3.790 0.2610E+00
3.800 0.2604E+00
3.810 0.2597E+00
3.820 0.2589E+00
3.830 0.2581E+00
3.840 0.2572E+00
3.850 0.2564E+00
3.860 0.2558E+00
3.870 0.2552E+00
3.880 0.2548E+00
3.890 0.2544E+00
3.900 0.2542E+00
3.910 0.2540E+00
3.920 0.2540E+00
3.930 0.2541E+00
3.940 0.2543E+00
3.950 0.2546E+00
3.960 0.2550E+00
3.970 0.2555E+00
3.980 0.2561E+00
3.990 0.2568E+00
4.000 0.2577E+00
4.010 0.2586E+00
4.020 0.2596E+00
4.030 0.2612E+00
4.040 0.2637E+00
4.050 0.2686E+00
4.060 0.2743E+00
4.070 0.2806E+00
4.080 0.2872E+00
4.090 0.2944E+00
4.100 0.3023E+00
4.110 0.3095E+00
4.120 0.3143E+00
4.130 0.3168E+00
4.140 0.3168E+00
4.150 0.3160E+00
4.160 0.3180E+00
4.170 0.3199E+00
4.180 0.3219E+00
4.190 0.3238E+00
4.200 0.3257E+00
4.210 0.3277E+00
4.220 0.3296E+00
4.230 0.3315E+00
4.240 0.3334E+00
4.250 0.3353E+00
4.260 0.3372E+00
4.270 0.3391E+00
4.280 0.3410E+00
4.290 0.3428E+00
4.300 0.3447E+00
4.310 0.3466E+00
4.320 0.3484E+00
4.330 0.3506E+00
4.340 0.3533E+00
4.350 0.3565E+00
4.360 0.3603E+00
4.370 0.3647E+00
4.380 0.3696E+00
4.390 0.3750E+00
4.400 0.3812E+00
4.410 0.3904E+00
4.420 0.3978E+00
4.430 0.4024E+00
4.440 0.4069E+00
4.450 0.4114E+00
4.460 0.4158E+00
4.470 0.4202E+00
4.480 0.4245E+00
4.490 0.4287E+00
4.500 0.4330E+00
4.510 0.4374E+00
4.520 0.4427E+00
4.530 0.4481E+00
4.540 0.4534E+00
4.550 0.4586E+00
4.560 0.4636E+00
4.570 0.4686E+00
4.580 0.4734E+00
4.590 0.4781E+00
4.600 0.4827E+00
4.610 0.4872E+00
4.620 0.4917E+00
4.630 0.4962E+00
4.640 0.5015E+00
4.650 0.5070E+00
4.660 0.5120E+00
4.670 0.5165E+00
4.680 0.5206E+00
4.690 0.5242E+00
4.700 0.5272E+00
4.710 0.5275E+00
4.720 0.5272E+00
4.730 0.5270E+00
4.740 0.5273E+00
4.750 0.5280E+00
4.760 0.5293E+00
4.770 0.5307E+00
4.780 0.5295E+00
4.790 0.5268E+00
4.800 0.5254E+00
4.810 0.5250E+00
4.820 0.5247E+00
4.830 0.5245E+00
4.840 0.5242E+00
4.850 0.5240E+00
4.860 0.5237E+00
4.870 0.5233E+00
4.880 0.5230E+00
4.890 0.5226E+00
4.900 0.5222E+00
4.910 0.5218E+00
4.920 0.5213E+00
4.930 0.5204E+00
4.940 0.5196E+00
4.950 0.5187E+00
4.960 0.5178E+00
4.970 0.5169E+00
4.980 0.5159E+00
4.990 0.5150E+00
5.000 0.5140E+00
5.010 0.5197E+00
5.020 0.5202E+00
5.030 0.5138E+00
5.040 0.5094E+00
5.050 0.5068E+00
5.060 0.5050E+00
5.070 0.5035E+00
5.080 0.5020E+00
5.090 0.5007E+00
5.100 0.5011E+00
5.110 0.5041E+00
5.120 0.5019E+00
5.130 0.5001E+00
5.140 0.4983E+00
5.150 0.4968E+00
5.160 0.4954E+00
5.170 0.4943E+00
5.180 0.4934E+00
5.190 0.4926E+00
5.200 0.4919E+00
5.210 0.4912E+00
5.220 0.4906E+00
5.230 0.4902E+00
5.240 0.4898E+00
5.250 0.4896E+00
5.260 0.4895E+00
5.270 0.4895E+00
5.280 0.4896E+00
5.290 0.4898E+00
5.300 0.4902E+00
5.310 0.4906E+00
5.320 0.4913E+00
5.330 0.4924E+00
5.340 0.4928E+00
5.350 0.4930E+00
5.360 0.4930E+00
5.370 0.4930E+00
5.380 0.4930E+00
5.390 0.4931E+00
5.400 0.4933E+00
5.410 0.4935E+00
5.420 0.4938E+00
5.430 0.4941E+00
5.440 0.4945E+00
5.450 0.4950E+00
5.460 0.4954E+00
5.470 0.4960E+00
5.480 0.4966E+00
5.490 0.4970E+00
5.500 0.4968E+00
5.510 0.4971E+00
5.520 0.4974E+00
5.530 0.4977E+00
5.540 0.4982E+00
5.550 0.4986E+00
5.560 0.4991E+00
5.570 0.4996E+00
5.580 0.5001E+00
5.590 0.5006E+00
5.600 0.4995E+00
5.610 0.4990E+00
5.620 0.4991E+00
5.630 0.4997E+00
5.640 0.5003E+00
5.650 0.5017E+00
5.660 0.5076E+00
5.670 0.5075E+00
5.680 0.5070E+00
5.690 0.5067E+00
5.700 0.5064E+00
5.710 0.5063E+00
5.720 0.5063E+00
5.730 0.5063E+00
5.740 0.5065E+00
5.750 0.5069E+00
5.760 0.5074E+00
5.770 0.5080E+00
5.780 0.5087E+00
5.790 0.5094E+00
5.800 0.5101E+00
5.810 0.5107E+00
5.820 0.5113E+00
5.830 0.5117E+00
5.840 0.5120E+00
5.850 0.5121E+00
5.860 0.5122E+00
5.870 0.5122E+00
5.880 0.5122E+00
5.890 0.5124E+00
5.900 0.5126E+00
5.910 0.5128E+00
5.920 0.5133E+00
5.930 0.5139E+00
5.940 0.5148E+00
5.950 0.5159E+00
5.960 0.5170E+00
5.970 0.5181E+00
5.980 0.5192E+00
5.990 0.5202E+00
6.000 0.5212E+00
6.010 0.5222E+00
6.020 0.5232E+00
6.030 0.5241E+00
6.040 0.5250E+00
6.050 0.5258E+00
6.060 0.5267E+00
6.070 0.5275E+00
6.080 0.5285E+00
6.090 0.5296E+00
6.100 0.5306E+00
6.110 0.5316E+00
6.120 0.5327E+00
6.130 0.5337E+00
6.140 0.5347E+00
6.150 0.5357E+00
6.160 0.5367E+00
6.170 0.5377E+00
6.180 0.5383E+00
6.190 0.5390E+00
6.200 0.5398E+00
6.210 0.5402E+00
6.220 0.5379E+00
6.230 0.5387E+00
6.240 0.5397E+00
6.250 0.5411E+00
6.260 0.5428E+00
6.270 0.5444E+00
6.280 0.5458E+00
6.290 0.5470E+00
6.300 0.5481E+00
6.310 0.5491E+00
6.320 0.5499E+00
6.330 0.5511E+00
6.340 0.5524E+00
6.350 0.5541E+00
6.360 0.5561E+00
6.370 0.5593E+00
6.380 0.5631E+00
6.390 0.5663E+00
6.400 0.5685E+00
6.410 0.5697E+00
6.420 0.5700E+00
6.430 0.5702E+00
6.440 0.5703E+00
6.450 0.5705E+00
6.460 0.5706E+00
6.470 0.5707E+00
6.480 0.5712E+00
6.490 0.5719E+00
6.500 0.5727E+00
6.510 0.5734E+00
6.520 0.5741E+00
6.530 0.5748E+00
6.540 0.5755E+00
6.550 0.5762E+00
6.560 0.5770E+00
6.570 0.5778E+00
6.580 0.5787E+00
6.590 0.5795E+00
6.600 0.5804E+00
6.610 0.5820E+00
6.620 0.5840E+00
6.630 0.5859E+00
6.640 0.5877E+00
6.650 0.5897E+00
6.660 0.5917E+00
6.670 0.5936E+00
6.680 0.5957E+00
6.690 0.5978E+00
6.700 0.5999E+00
6.710 0.6019E+00
6.720 0.6036E+00
6.730 0.6051E+00
6.740 0.6067E+00
6.750 0.6083E+00
6.760 0.6100E+00
6.770 0.6117E+00
6.780 0.6134E+00
6.790 0.6151E+00
6.800 0.6169E+00
6.810 0.6187E+00
6.820 0.6205E+00
6.830 0.6223E+00
6.840 0.6241E+00
6.850 0.6259E+00
6.860 0.6277E+00
6.870 0.6295E+00
6.880 0.6312E+00
6.890 0.6330E+00
6.900 0.6347E+00
6.910 0.6363E+00
6.920 0.6380E+00
6.930 0.6395E+00
6.940 0.6410E+00
6.950 0.6423E+00
6.960 0.6435E+00
6.970 0.6446E+00
6.980 0.6664E+00
6.990 0.6789E+00
7.000 0.6764E+00
7.010 0.6700E+00
7.020 0.6700E+00
7.030 0.6704E+00
7.040 0.6712E+00
7.050 0.6727E+00
7.060 0.6750E+00
7.070 0.6782E+00
7.080 0.6818E+00
7.090 0.6859E+00
7.100 0.6903E+00
7.110 0.6956E+00
7.120 0.7022E+00
7.130 0.7157E+00
7.140 0.7276E+00
7.150 0.7360E+00
7.160 0.7440E+00
7.170 0.7510E+00
7.180 0.7573E+00
7.190 0.7636E+00
7.200 0.7695E+00
7.210 0.7743E+00
7.220 0.7780E+00
7.230 0.7806E+00
7.240 0.7822E+00
7.250 0.7826E+00
7.260 0.7801E+00
7.270 0.7750E+00
7.280 0.7709E+00
7.290 0.7678E+00
7.300 0.7656E+00
7.310 0.7643E+00
7.320 0.7639E+00
7.330 0.7641E+00
7.340 0.7653E+00
7.350 0.7671E+00
7.360 0.7702E+00
7.370 0.7738E+00
7.380 0.7771E+00
7.390 0.7800E+00
7.400 0.7826E+00
7.410 0.7834E+00
7.420 0.7839E+00
7.430 0.7842E+00
7.440 0.7841E+00
7.450 0.7838E+00
7.460 0.7833E+00
7.470 0.7638E+00
7.480 0.7626E+00
7.490 0.7614E+00
7.500 0.7602E+00
7.510 0.7591E+00
7.520 0.7580E+00
7.530 0.7570E+00
7.540 0.7561E+00
7.550 0.7552E+00
7.560 0.7544E+00
7.570 0.7536E+00
7.580 0.7532E+00
7.590 0.7557E+00
7.600 0.7554E+00
7.610 0.7550E+00
7.620 0.7546E+00
7.630 0.7543E+00
7.640 0.7540E+00
7.650 0.7537E+00
7.660 0.7536E+00
7.670 0.7535E+00
7.680 0.7535E+00
7.690 0.7534E+00
7.700 0.7533E+00
7.710 0.7532E+00
7.720 0.7546E+00
7.730 0.7588E+00
7.740 0.7631E+00
7.750 0.7667E+00
7.760 0.7670E+00
7.770 0.7637E+00
7.780 0.7563E+00
7.790 0.7513E+00
7.800 0.7501E+00
7.810 0.7481E+00
7.820 0.7461E+00
7.830 0.7445E+00
7.840 0.7429E+00
7.850 0.7413E+00
7.860 0.7399E+00
7.870 0.7387E+00
7.880 0.7377E+00
7.890 0.7369E+00
7.900 0.7363E+00
7.910 0.7358E+00
7.920 0.7355E+00
7.930 0.7350E+00
7.940 0.7345E+00
7.950 0.7340E+00
7.960 0.7335E+00
7.970 0.7329E+00
7.980 0.7323E+00
7.990 0.7317E+00
8.000 0.7311E+00
8.010 0.7305E+00
8.020 0.7296E+00
8.030 0.7288E+00
8.040 0.7280E+00
8.050 0.7274E+00
8.060 0.7268E+00
8.070 0.7262E+00
8.080 0.7256E+00
8.090 0.7251E+00
8.100 0.7245E+00
8.110 0.7240E+00
8.120 0.7234E+00
8.130 0.7229E+00
8.140 0.7226E+00
8.150 0.7225E+00
8.160 0.7227E+00
8.170 0.7232E+00
8.180 0.7241E+00
8.190 0.7276E+00
8.200 0.7339E+00
8.210 0.7320E+00
8.220 0.7303E+00
8.230 0.7290E+00
8.240 0.7278E+00
8.250 0.7268E+00
8.260 0.7262E+00
8.270 0.7258E+00
8.280 0.7258E+00
8.290 0.7257E+00
8.300 0.7247E+00
8.310 0.7239E+00
8.320 0.7232E+00
8.330 0.7226E+00
8.340 0.7220E+00
8.350 0.7216E+00
8.360 0.7211E+00
8.370 0.7206E+00
8.380 0.7202E+00
8.390 0.7197E+00
8.400 0.7191E+00
8.410 0.7186E+00
8.420 0.7181E+00
8.430 0.7175E+00
8.440 0.7169E+00
8.450 0.7164E+00
8.460 0.7158E+00
8.470 0.7152E+00
8.480 0.7146E+00
8.490 0.7140E+00
8.500 0.7133E+00
8.510 0.7126E+00
8.520 0.7119E+00
8.530 0.7109E+00
8.540 0.7099E+00
8.550 0.7088E+00
8.560 0.7077E+00
8.570 0.7066E+00
8.580 0.7055E+00
8.590 0.7044E+00
8.600 0.7032E+00
8.610 0.7022E+00
8.620 0.7011E+00
8.630 0.7002E+00
8.640 0.6989E+00
8.650 0.6973E+00
8.660 0.6966E+00
8.670 0.6958E+00
8.680 0.6951E+00
8.690 0.6945E+00
8.700 0.6938E+00
8.710 0.6933E+00
8.720 0.6927E+00
8.730 0.6923E+00
8.740 0.6919E+00
8.750 0.6917E+00
8.760 0.6918E+00
8.770 0.6918E+00
8.780 0.6920E+00
8.790 0.6922E+00
8.800 0.6923E+00
8.810 0.6915E+00
8.820 0.6909E+00
8.830 0.6904E+00
8.840 0.6900E+00
8.850 0.6898E+00
8.860 0.6898E+00
8.870 0.6899E+00
8.880 0.6903E+00
8.890 0.6877E+00
8.900 0.6876E+00
8.910 0.6873E+00
8.920 0.6870E+00
8.930 0.6867E+00
8.940 0.6863E+00
8.950 0.6860E+00
8.960 0.6856E+00
8.970 0.6853E+00
8.980 0.6850E+00
8.990 0.6847E+00
9.000 0.6843E+00
9.010 0.6840E+00
9.020 0.6837E+00
9.030 0.6834E+00
9.040 0.6831E+00
9.050 0.6828E+00
9.060 0.6825E+00
9.070 0.6822E+00
9.080 0.6819E+00
9.090 0.6820E+00
9.100 0.6821E+00
9.110 0.6818E+00
9.120 0.6815E+00
9.130 0.6810E+00
9.140 0.6806E+00
9.150 0.6800E+00
9.160 0.6793E+00
9.170 0.6778E+00
9.180 0.6766E+00
9.190 0.6758E+00
9.200 0.6752E+00
9.210 0.6746E+00
9.220 0.6741E+00
9.230 0.6735E+00
9.240 0.6729E+00
9.250 0.6723E+00
9.260 0.6719E+00
9.270 0.6714E+00
9.280 0.6710E+00
9.290 0.6706E+00
9.300 0.6702E+00
9.310 0.6699E+00
9.320 0.6699E+00
9.330 0.6699E+00
9.340 0.6698E+00
9.350 0.6696E+00
9.360 0.6693E+00
9.370 0.6689E+00
9.380 0.6685E+00
9.390 0.6679E+00
9.400 0.6672E+00
9.410 0.6664E+00
9.420 0.6658E+00
9.430 0.6652E+00
9.440 0.6646E+00
9.450 0.6639E+00
9.460 0.6644E+00
9.470 0.6657E+00
9.480 0.6658E+00
9.490 0.6646E+00
9.500 0.6622E+00
9.510 0.6603E+00
9.520 0.6596E+00
9.530 0.6591E+00
9.540 0.6585E+00
9.550 0.6580E+00
9.560 0.6577E+00
9.570 0.6573E+00
9.580 0.6570E+00
9.590 0.6568E+00
9.600 0.6566E+00
9.610 0.6563E+00
9.620 0.6561E+00
9.630 0.6558E+00
9.640 0.6554E+00
9.650 0.6551E+00
9.660 0.6547E+00
9.670 0.6542E+00
9.680 0.6537E+00
9.690 0.6531E+00
9.700 0.6526E+00
9.710 0.6520E+00
9.720 0.6513E+00
9.730 0.6502E+00
9.740 0.6492E+00
9.750 0.6483E+00
9.760 0.6475E+00
9.770 0.6467E+00
9.780 0.6460E+00
9.790 0.6451E+00
9.800 0.6441E+00
9.810 0.6432E+00
9.820 0.6424E+00
9.830 0.6415E+00
9.840 0.6407E+00
9.850 0.6400E+00
9.860 0.6393E+00
9.870 0.6387E+00
9.880 0.6381E+00
9.890 0.6375E+00
9.900 0.6370E+00
9.910 0.6366E+00
9.920 0.6362E+00
9.930 0.6360E+00
9.940 0.6359E+00
9.950 0.6360E+00
9.960 0.6361E+00
9.970 0.6363E+00
9.980 0.6366E+00
9.990 0.6370E+00
10.000 0.6374E+00
10.010 0.6379E+00
10.020 0.6385E+00
10.030 0.6336E+00
10.040 0.6334E+00
10.050 0.6350E+00
10.060 0.6359E+00
10.070 0.6366E+00
10.080 0.6376E+00
10.090 0.6373E+00
10.100 0.6359E+00
10.110 0.6356E+00
10.120 0.6361E+00
10.130 0.6361E+00
10.140 0.6360E+00
10.150 0.6359E+00
10.160 0.6357E+00
10.170 0.6353E+00
10.180 0.6349E+00
10.190 0.6344E+00
10.200 0.6340E+00
10.210 0.6336E+00
10.220 0.6331E+00
10.230 0.6327E+00
10.240 0.6322E+00
10.250 0.6318E+00
10.260 0.6307E+00
10.270 0.6295E+00
10.280 0.6285E+00
10.290 0.6276E+00
10.300 0.6267E+00
10.310 0.6259E+00
10.320 0.6250E+00
10.330 0.6242E+00
10.340 0.6232E+00
10.350 0.6221E+00
10.360 0.6209E+00
10.370 0.6196E+00
10.380 0.6183E+00
10.390 0.6170E+00
10.400 0.6157E+00
10.410 0.6145E+00
10.420 0.6132E+00
10.430 0.6119E+00
10.440 0.6106E+00
10.450 0.6094E+00
10.460 0.6082E+00
10.470 0.6070E+00
10.480 0.6058E+00
10.490 0.6047E+00
10.500 0.6036E+00
10.510 0.6098E+00
10.520 0.6261E+00
10.530 0.6275E+00
10.540 0.6279E+00
10.550 0.6275E+00
10.560 0.6261E+00
10.570 0.6239E+00
10.580 0.6207E+00
10.590 0.6166E+00
10.600 0.6116E+00
10.610 0.6101E+00
10.620 0.6083E+00
10.630 0.6063E+00
10.640 0.6041E+00
10.650 0.6018E+00
10.660 0.5994E+00
10.670 0.5969E+00
10.680 0.5943E+00
10.690 0.5916E+00
10.700 0.5888E+00
10.710 0.5859E+00
10.720 0.5865E+00
10.730 0.5869E+00
10.740 0.5864E+00
10.750 0.5849E+00
10.760 0.5826E+00
10.770 0.5793E+00
10.780 0.5744E+00
10.790 0.5688E+00
10.800 0.5627E+00
10.810 0.5560E+00
10.820 0.5491E+00
10.830 0.5417E+00
10.840 0.5358E+00
10.850 0.5300E+00
10.860 0.5240E+00
10.870 0.5183E+00
10.880 0.5125E+00
10.890 0.5067E+00
10.900 0.5010E+00
10.910 0.4952E+00
10.920 0.4894E+00
10.930 0.4837E+00
10.940 0.4779E+00
10.950 0.4724E+00
10.960 0.4676E+00
10.970 0.4636E+00
10.980 0.4598E+00
10.990 0.4564E+00
11.000 0.4530E+00
11.010 0.4496E+00
11.020 0.4463E+00
11.030 0.4430E+00
11.040 0.4379E+00
11.050 0.4323E+00
11.060 0.4272E+00
11.070 0.4225E+00
11.080 0.4183E+00
11.090 0.4144E+00
11.100 0.4109E+00
11.110 0.4077E+00
11.120 0.4051E+00
11.130 0.4029E+00
11.140 0.4006E+00
11.150 0.3981E+00
11.160 0.3956E+00
11.170 0.3930E+00
11.180 0.3904E+00
11.190 0.3876E+00
11.200 0.3849E+00
11.210 0.3820E+00
11.220 0.3792E+00
11.230 0.3763E+00
11.240 0.3739E+00
11.250 0.3724E+00
11.260 0.3712E+00
11.270 0.3703E+00
11.280 0.3694E+00
11.290 0.3687E+00
11.300 0.3682E+00
11.310 0.3677E+00
11.320 0.3674E+00
11.330 0.3591E+00
11.340 0.3531E+00
11.350 0.3482E+00
11.360 0.3440E+00
11.370 0.3408E+00
11.380 0.3389E+00
11.390 0.3373E+00
11.400 0.3357E+00
11.410 0.3341E+00
11.420 0.3325E+00
11.430 0.3309E+00
11.440 0.3292E+00
11.450 0.3274E+00
11.460 0.3256E+00
11.470 0.3238E+00
11.480 0.3220E+00
11.490 0.3202E+00
11.500 0.3185E+00
11.510 0.3172E+00
11.520 0.3159E+00
11.530 0.3145E+00
11.540 0.3132E+00
11.550 0.3117E+00
11.560 0.3102E+00
11.570 0.3085E+00
11.580 0.3067E+00
11.590 0.3048E+00
11.600 0.3028E+00
11.610 0.3007E+00
11.620 0.2984E+00
11.630 0.2962E+00
11.640 0.2943E+00
11.650 0.2948E+00
11.660 0.2997E+00
11.670 0.3043E+00
11.680 0.3008E+00
11.690 0.2922E+00
11.700 0.2882E+00
11.710 0.2846E+00
11.720 0.2812E+00
11.730 0.2780E+00
11.740 0.2752E+00
11.750 0.2726E+00
11.760 0.2702E+00
11.770 0.2682E+00
11.780 0.2666E+00
11.790 0.2651E+00
11.800 0.2635E+00
11.810 0.2620E+00
11.820 0.2605E+00
11.830 0.2590E+00
11.840 0.2575E+00
11.850 0.2560E+00
11.860 0.2545E+00
11.870 0.2531E+00
11.880 0.2516E+00
11.890 0.2502E+00
11.900 0.2488E+00
11.910 0.2474E+00
11.920 0.2461E+00
11.930 0.2451E+00
11.940 0.2441E+00
11.950 0.2430E+00
11.960 0.2419E+00
11.970 0.2411E+00
11.980 0.2409E+00
11.990 0.2404E+00
12.000 0.2397E+00
12.010 0.2388E+00
12.020 0.2377E+00
12.030 0.2363E+00
12.040 0.2348E+00
12.050 0.2332E+00
12.060 0.2318E+00
12.070 0.2312E+00
12.080 0.2306E+00
12.090 0.2302E+00
12.100 0.2298E+00
12.110 0.2292E+00
12.120 0.2245E+00
12.130 0.2227E+00
12.140 0.2196E+00
12.150 0.2168E+00
12.160 0.2141E+00
12.170 0.2117E+00
12.180 0.2095E+00
12.190 0.2074E+00
12.200 0.2054E+00
12.210 0.2035E+00
12.220 0.2018E+00
12.230 0.2001E+00
12.240 0.1985E+00
12.250 0.1971E+00
12.260 0.1957E+00
12.270 0.1944E+00
12.280 0.1931E+00
12.290 0.1919E+00
12.300 0.1906E+00
12.310 0.1894E+00
12.320 0.1881E+00
12.330 0.1869E+00
12.340 0.1857E+00
12.350 0.1845E+00
12.360 0.1833E+00
12.370 0.1822E+00
12.380 0.1810E+00
12.390 0.1799E+00
12.400 0.1787E+00
12.410 0.1777E+00
12.420 0.1771E+00
12.430 0.1764E+00
12.440 0.1758E+00
12.450 0.1752E+00
12.460 0.1750E+00
12.470 0.1747E+00
12.480 0.1744E+00
12.490 0.1740E+00
12.500 0.1736E+00
12.510 0.1732E+00
12.520 0.1727E+00
12.530 0.1741E+00
12.540 0.1767E+00
12.550 0.1766E+00
12.560 0.1738E+00
12.570 0.1699E+00
12.580 0.1679E+00
12.590 0.1658E+00
12.600 0.1641E+00
12.610 0.1629E+00
12.620 0.1621E+00
12.630 0.1603E+00
12.640 0.1581E+00
12.650 0.1560E+00
12.660 0.1541E+00
12.670 0.1523E+00
12.680 0.1506E+00
12.690 0.1490E+00
12.700 0.1475E+00
12.710 0.1460E+00
12.720 0.1445E+00
12.730 0.1432E+00
12.740 0.1419E+00
12.750 0.1407E+00
12.760 0.1396E+00
12.770 0.1384E+00
12.780 0.1373E+00
12.790 0.1362E+00
12.800 0.1351E+00
12.810 0.1341E+00
12.820 0.1331E+00
12.830 0.1323E+00
12.840 0.1317E+00
12.850 0.1310E+00
12.860 0.1303E+00
12.870 0.1296E+00
12.880 0.1289E+00
12.890 0.1282E+00
12.900 0.1274E+00
12.910 0.1267E+00
12.920 0.1260E+00
12.930 0.1253E+00
12.940 0.1246E+00
12.950 0.1241E+00
12.960 0.1237E+00
12.970 0.1235E+00
12.980 0.1233E+00
12.990 0.1223E+00
13.000 0.1213E+00
13.010 0.1204E+00
13.020 0.1196E+00
13.030 0.1188E+00
13.040 0.1138E+00
13.050 0.1118E+00
13.060 0.1098E+00
13.070 0.1079E+00
13.080 0.1061E+00
13.090 0.1056E+00
13.100 0.1133E+00
13.110 0.1139E+00
13.120 0.1074E+00
13.130 0.9822E-01
13.140 0.9657E-01
13.150 0.9497E-01
13.160 0.9343E-01
13.170 0.9196E-01
13.180 0.9055E-01
13.190 0.8919E-01
13.200 0.8789E-01
13.210 0.8661E-01
13.220 0.8536E-01
13.230 0.8413E-01
13.240 0.8292E-01
13.250 0.8173E-01
13.260 0.8057E-01
13.270 0.7943E-01
13.280 0.7831E-01
13.290 0.7722E-01
13.300 0.7615E-01
13.310 0.7510E-01
13.320 0.7407E-01
13.330 0.7306E-01
13.340 0.7206E-01
13.350 0.7158E-01
13.360 0.7156E-01
13.370 0.7207E-01
13.380 0.7287E-01
13.390 0.7373E-01
13.400 0.7463E-01
13.410 0.7559E-01
13.420 0.7659E-01
13.430 0.7764E-01
13.440 0.7875E-01
13.450 0.7983E-01
13.460 0.7962E-01
13.470 0.7768E-01
13.480 0.7402E-01
13.490 0.6862E-01
13.500 0.6192E-01
13.510 0.5624E-01
13.520 0.5380E-01
13.530 0.5146E-01
13.540 0.4998E-01
13.550 0.4856E-01
13.560 0.4721E-01
13.570 0.4594E-01
13.580 0.4473E-01
13.590 0.4360E-01
13.600 0.4254E-01
13.610 0.4154E-01
13.620 0.4062E-01
13.630 0.3977E-01
13.640 0.3899E-01
13.650 0.3815E-01
13.660 0.3723E-01
13.670 0.3626E-01
13.680 0.3524E-01
13.690 0.3418E-01
13.700 0.3307E-01
13.710 0.3192E-01
13.720 0.3071E-01
13.730 0.2946E-01
13.740 0.2817E-01
13.750 0.2683E-01
13.760 0.2544E-01
13.770 0.2400E-01
13.780 0.2252E-01
13.790 0.2099E-01
13.800 0.1941E-01
13.810 0.1779E-01
13.820 0.5311E-01
13.830 0.1150E-01
13.840 0.1013E-01
13.850 0.8855E-02
13.860 0.7661E-02
13.870 0.6553E-02
13.880 0.5533E-02
13.890 0.4598E-02
13.900 0.3750E-02
13.910 0.2988E-02
13.920 0.2313E-02
13.930 0.1724E-02
13.940 0.1221E-02
13.950 0.8051E-03
13.960 0.4753E-03
13.970 0.2319E-03
13.980 0.7493E-04
13.990 0.4341E-05
14.000 0.0000E+00
14.010 0.0000E+00
14.020 0.0000E+00
14.030 0.0000E+00
14.040 0.0000E+00
14.050 0.0000E+00
14.060 0.0000E+00
14.070 0.0000E+00
14.080 0.0000E+00
14.090 0.0000E+00
14.100 0.0000E+00
14.110 0.0000E+00
14.120 0.0000E+00
14.130 0.0000E+00
14.140 0.0000E+00
14.150 0.0000E+00
14.160 0.0000E+00
14.170 0.0000E+00
14.180 0.0000E+00
14.190 0.0000E+00
14.200 0.0000E+00
14.210 0.0000E+00
14.220 0.0000E+00
14.230 0.0000E+00
14.240 0.0000E+00
14.250 0.0000E+00
14.260 0.0000E+00
14.270 0.0000E+00
14.280 0.0000E+00
14.290 0.0000E+00
14.300 0.0000E+00
14.310 0.0000E+00
14.320 0.0000E+00
14.330 0.0000E+00
14.340 0.0000E+00
14.350 0.0000E+00
14.360 0.0000E+00
14.370 0.0000E+00
14.380 0.0000E+00
14.390 0.0000E+00
14.400 0.0000E+00
14.410 0.0000E+00
14.420 0.0000E+00
14.430 0.0000E+00
14.440 0.0000E+00
14.450 0.0000E+00
14.460 0.0000E+00
14.470 0.0000E+00
14.480 0.0000E+00
14.490 0.0000E+00
14.500 0.0000E+00
14.510 0.0000E+00
14.520 0.0000E+00
14.530 0.0000E+00
14.540 0.0000E+00
14.550 0.0000E+00
14.560 0.0000E+00
14.570 0.0000E+00
14.580 0.0000E+00
14.590 0.0000E+00
14.600 0.0000E+00
14.610 0.0000E+00
14.620 0.0000E+00
14.630 0.0000E+00
14.640 0.0000E+00
14.650 0.0000E+00
14.660 0.0000E+00
14.670 0.0000E+00
14.680 0.0000E+00
14.690 0.0000E+00
14.700 0.0000E+00
14.710 0.0000E+00
14.720 0.0000E+00
14.730 0.0000E+00
14.740 0.0000E+00
14.750 0.0000E+00
14.760 0.0000E+00
14.770 0.0000E+00
14.780 0.0000E+00
14.790 0.0000E+00
14.800 0.0000E+00
14.810 0.0000E+00
14.820 0.0000E+00
14.830 0.0000E+00
14.840 0.0000E+00
14.850 0.0000E+00
14.860 0.0000E+00
14.870 0.0000E+00
14.880 0.0000E+00
14.890 0.0000E+00
14.900 0.0000E+00
14.910 0.0000E+00
14.920 0.0000E+00
14.930 0.0000E+00
14.940 0.0000E+00
14.950 0.0000E+00
14.960 0.0000E+00
14.970 0.0000E+00
14.980 0.0000E+00
14.990 0.0000E+00
15.000 0.0000E+00
15.010 0.0000E+00
15.020 0.0000E+00
15.030 0.0000E+00
15.040 0.0000E+00
15.050 0.0000E+00
15.060 0.0000E+00
15.070 0.0000E+00
15.080 0.0000E+00
15.090 0.0000E+00
15.100 0.0000E+00
15.110 0.0000E+00
15.120 0.0000E+00
15.130 0.0000E+00
15.140 0.0000E+00
15.150 0.0000E+00
15.160 0.0000E+00
15.170 0.0000E+00
15.180 0.0000E+00
15.190 0.0000E+00
15.200 0.0000E+00
15.210 0.0000E+00
15.220 0.0000E+00
15.230 0.0000E+00
15.240 0.0000E+00
15.250 0.0000E+00
15.260 0.0000E+00
15.270 0.0000E+00
15.280 0.0000E+00
15.290 0.0000E+00
15.300 0.0000E+00
15.310 0.0000E+00
15.320 0.0000E+00
15.330 0.0000E+00
15.340 0.0000E+00
15.350 0.0000E+00
15.360 0.0000E+00
15.370 0.0000E+00
15.380 0.0000E+00
15.390 0.0000E+00
15.400 0.0000E+00
15.410 0.0000E+00
15.420 0.0000E+00
15.430 0.0000E+00
15.440 0.0000E+00
15.450 0.0000E+00
15.460 0.0000E+00
15.470 0.0000E+00
15.480 0.0000E+00
15.490 0.0000E+00
15.500 0.0000E+00
15.510 0.0000E+00
15.520 0.0000E+00
15.530 0.0000E+00
15.540 0.0000E+00
15.550 0.0000E+00
15.560 0.0000E+00
15.570 0.0000E+00
15.580 0.0000E+00
15.590 0.0000E+00
15.600 0.0000E+00
15.610 0.0000E+00
15.620 0.0000E+00
15.630 0.0000E+00
15.640 0.0000E+00
15.650 0.0000E+00
15.660 0.0000E+00
15.670 0.0000E+00
15.680 0.0000E+00
15.690 0.0000E+00
15.700 0.0000E+00
15.710 0.0000E+00
15.720 0.0000E+00
15.730 0.0000E+00
15.740 0.0000E+00
15.750 0.0000E+00
15.760 0.0000E+00
15.770 0.0000E+00
15.780 0.0000E+00
15.790 0.0000E+00
15.800 0.0000E+00
15.810 0.0000E+00
15.820 0.0000E+00
15.830 0.0000E+00
15.840 0.0000E+00
15.850 0.0000E+00
15.860 0.0000E+00
15.870 0.0000E+00
15.880 0.0000E+00
15.890 0.0000E+00
15.900 0.0000E+00
15.910 0.0000E+00
15.920 0.0000E+00
15.930 0.0000E+00
15.940 0.0000E+00
15.950 0.0000E+00
15.960 0.0000E+00
15.970 0.0000E+00
15.980 0.0000E+00
15.990 0.0000E+00
16.000 0.0000E+00
16.010 0.0000E+00
16.020 0.0000E+00
16.030 0.0000E+00
16.040 0.0000E+00
16.050 0.0000E+00
16.060 0.0000E+00
16.070 0.0000E+00
16.080 0.0000E+00
16.090 0.0000E+00
16.100 0.0000E+00
16.110 0.0000E+00
16.120 0.0000E+00
16.130 0.0000E+00
16.140 0.0000E+00
16.150 0.0000E+00
16.160 0.0000E+00
16.170 0.0000E+00
16.180 0.0000E+00
16.190 0.0000E+00
16.200 0.0000E+00
16.210 0.0000E+00
16.220 0.0000E+00
16.230 0.0000E+00
16.240 0.0000E+00
16.250 0.0000E+00
16.260 0.0000E+00
16.270 0.0000E+00
16.280 0.0000E+00
16.290 0.0000E+00
16.300 0.0000E+00
16.310 0.0000E+00
16.320 0.0000E+00
16.330 0.0000E+00
16.340 0.0000E+00
16.350 0.0000E+00
16.360 0.0000E+00
16.370 0.0000E+00
16.380 0.0000E+00
16.390 0.0000E+00
16.400 0.0000E+00
16.410 0.0000E+00
16.420 0.0000E+00
16.430 0.0000E+00
16.440 0.0000E+00
16.450 0.0000E+00
16.460 0.0000E+00
16.470 0.0000E+00
16.480 0.0000E+00
16.490 0.0000E+00
16.500 0.0000E+00
16.510 0.0000E+00
16.520 0.0000E+00
16.530 0.0000E+00
16.540 0.0000E+00
16.550 0.0000E+00
16.560 0.0000E+00
16.570 0.0000E+00
16.580 0.0000E+00
16.590 0.0000E+00
16.600 0.0000E+00
16.610 0.0000E+00
16.620 0.0000E+00
16.630 0.0000E+00
16.640 0.0000E+00
16.650 0.0000E+00
16.660 0.0000E+00
16.670 0.0000E+00
16.680 0.0000E+00
16.690 0.0000E+00
16.700 0.0000E+00
16.710 0.0000E+00
16.720 0.0000E+00
16.730 0.0000E+00
16.740 0.0000E+00
16.750 0.0000E+00
16.760 0.0000E+00
16.770 0.0000E+00
16.780 0.0000E+00
16.790 0.0000E+00
16.800 0.0000E+00
16.810 0.0000E+00
16.820 0.0000E+00
16.830 0.0000E+00
16.840 0.0000E+00
16.850 0.0000E+00
16.860 0.0000E+00
16.870 0.0000E+00
16.880 0.0000E+00
16.890 0.0000E+00
16.900 0.0000E+00
16.910 0.0000E+00
16.920 0.0000E+00
16.930 0.0000E+00
16.940 0.0000E+00
16.950 0.0000E+00
16.960 0.0000E+00
16.970 0.0000E+00
16.980 0.0000E+00
16.990 0.0000E+00
17.000 0.0000E+00
17.010 0.0000E+00
17.020 0.0000E+00
17.030 0.0000E+00
17.040 0.0000E+00
17.050 0.0000E+00
17.060 0.0000E+00
17.070 0.0000E+00
17.080 0.0000E+00
17.090 0.0000E+00
17.100 0.0000E+00
17.110 0.0000E+00
17.120 0.0000E+00
17.130 0.0000E+00
17.140 0.0000E+00
17.150 0.0000E+00
17.160 0.0000E+00
17.170 0.0000E+00
17.180 0.0000E+00
17.190 0.0000E+00
17.200 0.0000E+00
17.210 0.0000E+00
17.220 0.0000E+00
17.230 0.0000E+00
17.240 0.0000E+00
17.250 0.0000E+00
17.260 0.0000E+00
17.270 0.0000E+00
17.280 0.0000E+00
17.290 0.0000E+00
17.300 0.0000E+00
17.310 0.0000E+00
17.320 0.0000E+00
17.330 0.0000E+00
17.340 0.0000E+00
17.350 0.0000E+00
17.360 0.0000E+00
17.370 0.0000E+00
17.380 0.0000E+00
17.390 0.0000E+00
17.400 0.0000E+00
17.410 0.0000E+00
17.420 0.0000E+00
17.430 0.1074E-04
17.440 0.2061E-03
17.450 0.6437E-03
17.460 0.1264E-02
17.470 0.2044E-02
17.480 0.2984E-02
17.490 0.4084E-02
17.500 0.5344E-02
17.510 0.6764E-02
17.520 0.8345E-02
17.530 0.1008E-01
17.540 0.1199E-01
17.550 0.1405E-01
17.560 0.1627E-01
17.570 0.1865E-01
17.580 0.2119E-01
17.590 0.2389E-01
17.600 0.2684E-01
17.610 0.3028E-01
17.620 0.3424E-01
17.630 0.3872E-01
17.640 0.4371E-01
17.650 0.4906E-01
17.660 0.5393E-01
17.670 0.5891E-01
17.680 0.6401E-01
17.690 0.6921E-01
17.700 0.7335E-01
17.710 0.7684E-01
17.720 0.7916E-01
17.730 0.8141E-01
17.740 0.8358E-01
17.750 0.8568E-01
17.760 0.8770E-01
17.770 0.8964E-01
17.780 0.9151E-01
17.790 0.9330E-01
17.800 0.9501E-01
17.810 0.9665E-01
17.820 0.9821E-01
17.830 0.9969E-01
17.840 0.1011E+00
17.850 0.1024E+00
17.860 0.1037E+00
17.870 0.1049E+00
17.880 0.1062E+00
17.890 0.1087E+00
17.900 0.1149E+00
17.910 0.1280E+00
17.920 0.1378E+00
17.930 0.1444E+00
17.940 0.1476E+00
17.950 0.1468E+00
17.960 0.1462E+00
17.970 0.1456E+00
17.980 0.1453E+00
17.990 0.1450E+00
18.000 0.1448E+00
18.010 0.1448E+00
18.020 0.1453E+00
18.030 0.1460E+00
18.040 0.1476E+00
18.050 0.1496E+00
18.060 0.1515E+00
18.070 0.1535E+00
18.080 0.1555E+00
18.090 0.1575E+00
18.100 0.1594E+00
18.110 0.1614E+00
18.120 0.1634E+00
18.130 0.1654E+00
18.140 0.1674E+00
18.150 0.1695E+00
18.160 0.1716E+00
18.170 0.1737E+00
18.180 0.1758E+00
18.190 0.1779E+00
18.200 0.1801E+00
18.210 0.1823E+00
18.220 0.1845E+00
18.230 0.1868E+00
18.240 0.1890E+00
18.250 0.1913E+00
18.260 0.1937E+00
18.270 0.1960E+00
18.280 0.2027E+00
18.290 0.2165E+00
18.300 0.2235E+00
18.310 0.2205E+00
18.320 0.2133E+00
18.330 0.2131E+00
18.340 0.2155E+00
18.350 0.2179E+00
18.360 0.2218E+00
18.370 0.2257E+00
18.380 0.2294E+00
18.390 0.2328E+00
18.400 0.2360E+00
18.410 0.2390E+00
18.420 0.2418E+00
18.430 0.2444E+00
18.440 0.2468E+00
18.450 0.2481E+00
18.460 0.2471E+00
18.470 0.2465E+00
18.480 0.2463E+00
18.490 0.2465E+00
18.500 0.2472E+00
18.510 0.2482E+00
18.520 0.2496E+00
18.530 0.2512E+00
18.540 0.2529E+00
18.550 0.2546E+00
18.560 0.2563E+00
18.570 0.2581E+00
18.580 0.2598E+00
18.590 0.2616E+00
18.600 0.2640E+00
18.610 0.2672E+00
18.620 0.2712E+00
18.630 0.2759E+00
18.640 0.2815E+00
18.650 0.2837E+00
18.660 0.2849E+00
18.670 0.2857E+00
18.680 0.2860E+00
18.690 0.2859E+00
18.700 0.2854E+00
18.710 0.2862E+00
18.720 0.2880E+00
18.730 0.2899E+00
18.740 0.2918E+00
18.750 0.2937E+00
18.760 0.2956E+00
18.770 0.2975E+00
18.780 0.2994E+00
18.790 0.3013E+00
18.800 0.3032E+00
18.810 0.3051E+00
18.820 0.3069E+00
18.830 0.3088E+00
18.840 0.3106E+00
18.850 0.3124E+00
18.860 0.3142E+00
18.870 0.3160E+00
18.880 0.3178E+00
18.890 0.3195E+00
18.900 0.3213E+00
18.910 0.3232E+00
18.920 0.3251E+00
18.930 0.3270E+00
18.940 0.3289E+00
18.950 0.3309E+00
18.960 0.3337E+00
18.970 0.3381E+00
18.980 0.3438E+00
18.990 0.3510E+00
19.000 0.3573E+00
19.010 0.3580E+00
19.020 0.3551E+00
19.030 0.3501E+00
19.040 0.3521E+00
19.050 0.3540E+00
19.060 0.3557E+00
19.070 0.3577E+00
19.080 0.3597E+00
19.090 0.3618E+00
19.100 0.3639E+00
19.110 0.3659E+00
19.120 0.3680E+00
19.130 0.3700E+00
19.140 0.3720E+00
19.150 0.3740E+00
19.160 0.3760E+00
19.170 0.3780E+00
19.180 0.3800E+00
19.190 0.3820E+00
19.200 0.3841E+00
19.210 0.3866E+00
19.220 0.3896E+00
19.230 0.3928E+00
19.240 0.3962E+00
19.250 0.3997E+00
19.260 0.4035E+00
19.270 0.4075E+00
19.280 0.4117E+00
19.290 0.4161E+00
19.300 0.4208E+00
19.310 0.4255E+00
19.320 0.4296E+00
19.330 0.4329E+00
19.340 0.4354E+00
19.350 0.4372E+00
19.360 0.4382E+00
19.370 0.4398E+00
19.380 0.4425E+00
19.390 0.4453E+00
19.400 0.4480E+00
19.410 0.4505E+00
19.420 0.4527E+00
19.430 0.4524E+00
19.440 0.4528E+00
19.450 0.4538E+00
19.460 0.4555E+00
19.470 0.4577E+00
19.480 0.4599E+00
19.490 0.4621E+00
19.500 0.4643E+00
19.510 0.4665E+00
19.520 0.4688E+00
19.530 0.4710E+00
19.540 0.4732E+00
19.550 0.4620E+00
19.560 0.4638E+00
19.570 0.4656E+00
19.580 0.4674E+00
19.590 0.4693E+00
19.600 0.4711E+00
19.610 0.4730E+00
19.620 0.4749E+00
19.630 0.4770E+00
19.640 0.4789E+00
19.650 0.4805E+00
19.660 0.4822E+00
19.670 0.4838E+00
19.680 0.4853E+00
19.690 0.4868E+00
19.700 0.4883E+00
19.710 0.4898E+00
19.720 0.4913E+00
19.730 0.4969E+00
19.740 0.5025E+00
19.750 0.5038E+00
19.760 0.5050E+00
19.770 0.5060E+00
19.780 0.5069E+00
19.790 0.5076E+00
19.800 0.5081E+00
19.810 0.5084E+00
19.820 0.5085E+00
19.830 0.5085E+00
19.840 0.5083E+00
19.850 0.5080E+00
19.860 0.5078E+00
19.870 0.5078E+00
19.880 0.5080E+00
19.890 0.5083E+00
19.900 0.5088E+00
19.910 0.5094E+00
19.920 0.5101E+00
19.930 0.5111E+00
19.940 0.5121E+00
19.950 0.5129E+00
19.960 0.5136E+00
19.970 0.5144E+00
19.980 0.5155E+00
19.990 0.5168E+00
20.000 0.5180E+00
20.010 0.5194E+00
20.020 0.5209E+00
20.030 0.5224E+00
20.040 0.5237E+00
20.050 0.5251E+00
20.060 0.5264E+00
20.070 0.5278E+00
20.080 0.5292E+00
20.090 0.5306E+00
20.100 0.5320E+00
20.110 0.5334E+00
20.120 0.5347E+00
20.130 0.5361E+00
20.140 0.5375E+00
20.150 0.5389E+00
20.160 0.5404E+00
20.170 0.5420E+00
20.180 0.5437E+00
20.190 0.5454E+00
20.200 0.5471E+00
20.210 0.5488E+00
20.220 0.5505E+00
20.230 0.5523E+00
20.240 0.5541E+00
20.250 0.5559E+00
20.260 0.5577E+00
20.270 0.5596E+00
20.280 0.5624E+00
20.290 0.5688E+00
20.300 0.5770E+00
20.310 0.5801E+00
20.320 0.5811E+00
20.330 0.5801E+00
20.340 0.5774E+00
20.350 0.5777E+00
20.360 0.5783E+00
20.370 0.5788E+00
20.380 0.5793E+00
20.390 0.5798E+00
20.400 0.5803E+00
20.410 0.5813E+00
20.420 0.5824E+00
20.430 0.5837E+00
20.440 0.5850E+00
20.450 0.5862E+00
20.460 0.5875E+00
20.470 0.5889E+00
20.480 0.5904E+00
20.490 0.5919E+00
20.500 0.5935E+00
20.510 0.5952E+00
20.520 0.5969E+00
20.530 0.5986E+00
20.540 0.6004E+00
20.550 0.6022E+00
20.560 0.6041E+00
20.570 0.6059E+00
20.580 0.6078E+00
20.590 0.6098E+00
20.600 0.6117E+00
20.610 0.6137E+00
20.620 0.6157E+00
20.630 0.6176E+00
20.640 0.6195E+00
20.650 0.6215E+00
20.660 0.6235E+00
20.670 0.6255E+00
20.680 0.6276E+00
20.690 0.6297E+00
20.700 0.6318E+00
20.710 0.6339E+00
20.720 0.6360E+00
20.730 0.6382E+00
20.740 0.6404E+00
20.750 0.6426E+00
20.760 0.6447E+00
20.770 0.6469E+00
20.780 0.6491E+00
20.790 0.6512E+00
20.800 0.6538E+00
20.810 0.6574E+00
20.820 0.6616E+00
20.830 0.6661E+00
20.840 0.6706E+00
20.850 0.6745E+00
20.860 0.6780E+00
20.870 0.6812E+00
20.880 0.6842E+00
20.890 0.6871E+00
20.900 0.6897E+00
20.910 0.6921E+00
20.920 0.6943E+00
20.930 0.6965E+00
20.940 0.6992E+00
20.950 0.7015E+00
20.960 0.7035E+00
20.970 0.7056E+00
20.980 0.7078E+00
20.990 0.7100E+00
21.000 0.7123E+00
21.010 0.7147E+00
21.020 0.7171E+00
21.030 0.7197E+00
21.040 0.7224E+00
21.050 0.7252E+00
21.060 0.7282E+00
21.070 0.7315E+00
21.080 0.7354E+00
21.090 0.7390E+00
21.100 0.7426E+00
21.110 0.7464E+00
21.120 0.7504E+00
21.130 0.7545E+00
21.140 0.7587E+00
21.150 0.7631E+00
21.160 0.7675E+00
21.170 0.7721E+00
21.180 0.7768E+00
21.190 0.7818E+00
21.200 0.7868E+00
21.210 0.7919E+00
21.220 0.7971E+00
21.230 0.8047E+00
21.240 0.8143E+00
21.250 0.8199E+00
21.260 0.8257E+00
21.270 0.8317E+00
21.280 0.8379E+00
21.290 0.8440E+00
21.300 0.8501E+00
21.310 0.8565E+00
21.320 0.8629E+00
21.330 0.8694E+00
21.340 0.8760E+00
21.350 0.8825E+00
21.360 0.8891E+00
21.370 0.8958E+00
21.380 0.9025E+00
21.390 0.9093E+00
21.400 0.9160E+00
21.410 0.9232E+00
21.420 0.9307E+00
21.430 0.9386E+00
21.440 0.9467E+00
21.450 0.9542E+00
21.460 0.9603E+00
21.470 0.9663E+00
21.480 0.9721E+00
21.490 0.9778E+00
21.500 0.9835E+00
21.510 0.9891E+00
21.520 0.9996E+00
21.530 0.1007E+01
21.540 0.1013E+01
21.550 0.1018E+01
21.560 0.1024E+01
21.570 0.1030E+01
21.580 0.1035E+01
21.590 0.1040E+01
21.600 0.1045E+01
21.610 0.1050E+01
21.620 0.1055E+01
21.630 0.1060E+01
21.640 0.1065E+01
21.650 0.1069E+01
21.660 0.1070E+01
21.670 0.1065E+01
21.680 0.1059E+01
21.690 0.1058E+01
21.700 0.1060E+01
21.710 0.1063E+01
21.720 0.1066E+01
21.730 0.1066E+01
21.740 0.1065E+01
21.750 0.1064E+01
21.760 0.1063E+01
21.770 0.1061E+01
21.780 0.1059E+01
21.790 0.1057E+01
21.800 0.1056E+01
21.810 0.1056E+01
21.820 0.1059E+01
21.830 0.1063E+01
21.840 0.1066E+01
21.850 0.1064E+01
21.860 0.1064E+01
21.870 0.1066E+01
21.880 0.1048E+01
21.890 0.1026E+01
21.900 0.1005E+01
21.910 0.9931E+00
21.920 0.9820E+00
21.930 0.9706E+00
21.940 0.9592E+00
21.950 0.9466E+00
21.960 0.9190E+00
21.970 0.8957E+00
21.980 0.8716E+00
21.990 0.8473E+00
22.000 0.8229E+00
22.010 0.7979E+00
22.020 0.7728E+00
22.030 0.7479E+00
22.040 0.7241E+00
22.050 0.7017E+00
22.060 0.6799E+00
22.070 0.6584E+00
22.080 0.6382E+00
22.090 0.6203E+00
22.100 0.6026E+00
22.110 0.5886E+00
22.120 0.5931E+00
22.130 0.5998E+00
22.140 0.6033E+00
22.150 0.6086E+00
22.160 0.6150E+00
22.170 0.6228E+00
22.180 0.6316E+00
22.190 0.6417E+00
22.200 0.6529E+00
22.210 0.6651E+00
22.220 0.6786E+00
22.230 0.6939E+00
22.240 0.7124E+00
22.250 0.7339E+00
22.260 0.7569E+00
22.270 0.7823E+00
22.280 0.8110E+00
22.290 0.8367E+00
22.300 0.8596E+00
22.310 0.8796E+00
22.320 0.8968E+00
22.330 0.9090E+00
22.340 0.9182E+00
22.350 0.9308E+00
22.360 0.9413E+00
22.370 0.9531E+00
22.380 0.9664E+00
22.390 0.9816E+00
22.400 0.1000E+01
22.410 0.1018E+01
22.420 0.1025E+01
22.430 0.1041E+01
22.440 0.1009E+01
22.450 0.9836E+00
22.460 0.9709E+00
22.470 0.9712E+00
22.480 0.9696E+00
22.490 0.9672E+00
22.500 0.9634E+00
22.510 0.9535E+00
22.520 0.9438E+00
22.530 0.9322E+00
22.540 0.9081E+00
22.550 0.8859E+00
22.560 0.8725E+00
22.570 0.8635E+00
22.580 0.8565E+00
22.590 0.8494E+00
22.600 0.8423E+00
22.610 0.8356E+00
22.620 0.8302E+00
22.630 0.8283E+00
22.640 0.8282E+00
22.650 0.8283E+00
22.660 0.8291E+00
22.670 0.8308E+00
22.680 0.8328E+00
22.690 0.8352E+00
22.700 0.8378E+00
22.710 0.8407E+00
22.720 0.8441E+00
22.730 0.8464E+00
22.740 0.8489E+00
22.750 0.8515E+00
22.760 0.8539E+00
22.770 0.8562E+00
22.780 0.8589E+00
22.790 0.8614E+00
22.800 0.8637E+00
22.810 0.8658E+00
22.820 0.8678E+00
22.830 0.8695E+00
22.840 0.8710E+00
22.850 0.8720E+00
22.860 0.8725E+00
22.870 0.8732E+00
22.880 0.8739E+00
22.890 0.8748E+00
22.900 0.8757E+00
22.910 0.8768E+00
22.920 0.8780E+00
22.930 0.8791E+00
22.940 0.8800E+00
22.950 0.8808E+00
22.960 0.8833E+00
22.970 0.8828E+00
22.980 0.8838E+00
22.990 0.8846E+00
23.000 0.8853E+00
23.010 0.8863E+00
23.020 0.8877E+00
23.030 0.8894E+00
23.040 0.8913E+00
23.050 0.8929E+00
23.060 0.8933E+00
23.070 0.8927E+00
23.080 0.8918E+00
23.090 0.8908E+00
23.100 0.8896E+00
23.110 0.8882E+00
23.120 0.8870E+00
23.130 0.8859E+00
23.140 0.8854E+00
23.150 0.8852E+00
23.160 0.8854E+00
23.170 0.8858E+00
23.180 0.8865E+00
23.190 0.8877E+00
23.200 0.8996E+00
23.210 0.9316E+00
23.220 0.9179E+00
23.230 0.8718E+00
23.240 0.8603E+00
23.250 0.8562E+00
23.260 0.8555E+00
23.270 0.8559E+00
23.280 0.8566E+00
23.290 0.8575E+00
23.300 0.8588E+00
23.310 0.8604E+00
23.320 0.8625E+00
23.330 0.8656E+00
23.340 0.8680E+00
23.350 0.8720E+00
23.360 0.8784E+00
23.370 0.8855E+00
23.380 0.8931E+00
23.390 0.9013E+00
23.400 0.9097E+00
23.410 0.9140E+00
23.420 0.9057E+00
23.430 0.8995E+00
23.440 0.8940E+00
23.450 0.8892E+00
23.460 0.8850E+00
23.470 0.8815E+00
23.480 0.8791E+00
23.490 0.8762E+00
23.500 0.8740E+00
23.510 0.8718E+00
23.520 0.8697E+00
23.530 0.8675E+00
23.540 0.8654E+00
23.550 0.8633E+00
23.560 0.8612E+00
23.570 0.8590E+00
23.580 0.8569E+00
23.590 0.8548E+00
23.600 0.8526E+00
23.610 0.8505E+00
23.620 0.8484E+00
23.630 0.8462E+00
23.640 0.8441E+00
23.650 0.8419E+00
23.660 0.8399E+00
23.670 0.8379E+00
23.680 0.8359E+00
23.690 0.8340E+00
23.700 0.8322E+00
23.710 0.8303E+00
23.720 0.8281E+00
23.730 0.8258E+00
23.740 0.8234E+00
23.750 0.8210E+00
23.760 0.8186E+00
23.770 0.8162E+00
23.780 0.8138E+00
23.790 0.8113E+00
23.800 0.8089E+00
23.810 0.8064E+00
23.820 0.8039E+00
23.830 0.8015E+00
23.840 0.7990E+00
23.850 0.7966E+00
23.860 0.7942E+00
23.870 0.7918E+00
23.880 0.7894E+00
23.890 0.7871E+00
23.900 0.7850E+00
23.910 0.7830E+00
23.920 0.7812E+00
23.930 0.7795E+00
23.940 0.7777E+00
23.950 0.7759E+00
23.960 0.7742E+00
23.970 0.7727E+00
23.980 0.7712E+00
23.990 0.7698E+00
24.000 0.7685E+00
24.010 0.7673E+00
24.020 0.7663E+00
24.030 0.7652E+00
24.040 0.7636E+00
24.050 0.7620E+00
24.060 0.7605E+00
24.070 0.7591E+00
24.080 0.7577E+00
24.090 0.7564E+00
24.100 0.7548E+00
24.110 0.7529E+00
24.120 0.7507E+00
24.130 0.7494E+00
24.140 0.7471E+00
24.150 0.7437E+00
24.160 0.7401E+00
24.170 0.7365E+00
24.180 0.7327E+00
24.190 0.7289E+00
24.200 0.7260E+00
24.210 0.7223E+00
24.220 0.7184E+00
24.230 0.7143E+00
24.240 0.7107E+00
24.250 0.7077E+00
24.260 0.7033E+00
24.270 0.6983E+00
24.280 0.6931E+00
24.290 0.6878E+00
24.300 0.6827E+00
24.310 0.6781E+00
24.320 0.6736E+00
24.330 0.6692E+00
24.340 0.6650E+00
24.350 0.6593E+00
24.360 0.6493E+00
24.370 0.6401E+00
24.380 0.6263E+00
24.390 0.6228E+00
24.400 0.6148E+00
24.410 0.5873E+00
24.420 0.5774E+00
24.430 0.5694E+00
24.440 0.5632E+00
24.450 0.5583E+00
24.460 0.5536E+00
24.470 0.5492E+00
24.480 0.5449E+00
24.490 0.5408E+00
24.500 0.5368E+00
24.510 0.5328E+00
24.520 0.5289E+00
24.530 0.5248E+00
24.540 0.5206E+00
24.550 0.5165E+00
24.560 0.5124E+00
24.570 0.5086E+00
24.580 0.5053E+00
24.590 0.5026E+00
24.600 0.4999E+00
24.610 0.4975E+00
24.620 0.4958E+00
24.630 0.4950E+00
24.640 0.4948E+00
24.650 0.4952E+00
24.660 0.4952E+00
24.670 0.4949E+00
24.680 0.4944E+00
24.690 0.4935E+00
24.700 0.4924E+00
24.710 0.4914E+00
24.720 0.4904E+00
24.730 0.4894E+00
24.740 0.4884E+00
24.750 0.4874E+00
24.760 0.4863E+00
